196  242  3  881250949
186  302  3  891717742
22   377  1  878887116
244  51   6  880606923
166  346  1  886397596
196  242  2  881250949
186  302  2  891717742
22   377  1  878887116
244  51   3  880606923
166  346  2  886397596
196  242  3  881250949
186  302  3  891717742
22   377  3  878887116
244  51   3  880606923
166  346  3  886397596
196  242  2  881250949
186  302  2  891717742
22   377  1  878887116
244  51   3  880606923
166  346  2  886397596
196  242  2  881250949
186  302  2  891717742
22   377  1  878887116
244  51   3  880606923
166  346  2  886397596
196  242  2  881250949
186  302  2  891717742
22   377  1  878887116
244  51   3  880606923
166  346  2  886397596
22   377  1  878887116
244  51   3  880606923
166  346  2  886397596
22   377  1  878887116
244  51   3  880606923
166  346  2  886397596
196  242  2  881250949
186  302  2  891717742
166  346  2  886397596
196  242  3  881250949
186  302  3  891717742
22   377  3  878887116
244  51   3  880606923
166  346  3  886397596
196  242  2  881250949
186  302  2  891717742